0 12 12 10 9 8 10 11 11 11 10 7 7 8 10 11 10 9 9 8 11 12 11 11 10 9 8 10 10 9 
1 64 61 63 82 70 45 68 61 35 90 101 86 104 77 109 93 121 163 78 106 120 129 87 149 188 96 157 156 139 
4 22 17 19 12 19 22 24 15 16 21 14 18 14 15 12 31 27 38 42 22 51 24 100 19 116 17 85 100 14
5 52 24 18 38 13 24 11 8 19 9 7 10 12 11 10 31 9 20 40 8 32 4 11 11 10 8 13 16
6 79 88 53 69 77 41 60 54 40 63 50 89 7 50 66 53 41 65 36 100 84 16 90 74 34 107 31 59 92 
10 13 17 16 22 11 31 10 30 20 15 25 23 26 14 43 11 21 39 33 19 33 45 15 30 32 23 38 42 14 
11 34 30 23 49 29 36 31 34 48 32 37 29 26 34 19 28 42 58 23 65 37 41 27 48 66 23 57 62 42 
13 29 5 11 24 12 37 3 31 19 21 27 28 26 27 29 30 44 32 15 45 47 13 48 43 39 12 51 45 13 
15 41 32 41 46 63 56 67 55 49 56 47 55 49 31 40 43 49 54 58 49 44 49 49 53 56 59 63 43 60 
18 17 6 16 18 6 8 10 10 7 7 5 7 3 6 4 14 1 22 11 3 14 11 8 9 6 5 11 1 7
19 23 5 7 14 11 16 2 17 8 5 4 2 12 8 1 20 0 17 14 2 18 8 15 4 13 4 6 11 10
21 31 22 20 20 28 21 21 24 27 24 26 34 14 32 35 23 37 33 20 33 26 27 27 17 23 23 18 20 15 
22 47 39 40 43 38 36 39 25 44 41 24 26 29 33 24 41 37 44 36 39 39 42 25 57 27 34 28 37 31
24 15 19 10 8 10 6 9 12 11 10 16 4 3 5 13 11 19 5 13 9 5 11 9 9 13 15 0 13 2
25 7 7 4 4 8 5 7 8 5 12 12 8 14 8 21 4 18 34 6 21 24 14 19 17 18 20 19 22 19 
38 22 27 15 16 34 19 9 15 12 21 10 8 11 12 21 21 25 23 22 21 39 20 8 19 26 23 13 30 12 
39 32 35 29 39 28 25 36 26 35 34 29 28 22 47 38 29 48 19 48 14 40 37 24 30 36 26 36 27 50
43 21 16 18 25 16 18 21 21 26 17 18 20 14 12 17 31 20 21 19 30 19 22 21 28 24 19 31 21 17 
45 16 18 41 9 17 13 13 28 27 29 1 18 27 37 23 19 21 21 21 10 19 27 12 39 11 23 14 25 30 
47 7 4 8 3 1 8 9 1 9 6 2 3 3 5 28 8 6 13 9 19 2 19 7 2 21 4 23 12 2
50 40 31 45 48 33 25 20 39 28 36 33 25 21 20 34 20 27 31 36 36 29 39 24 26 32 33 25 23 36
52 7 2 4 11 7 15 5 16 3 8 18 5 20 5 19 4 14 10 9 15 15 1 19 6 17 7 17 8 21
57 29 25 20 16 47 19 44 42 23 30 24 16 28 35 49 23 21 18 15 47 19 44 42 23 30 24 16 29 35
73 3 5 5 4 7 2 4 7 3 2 1 4 3 9 7 1 5 8 7 18 5 8 11 18 11 15 14 14 22
75 17 18 8 21 11 21 20 16 24 15 5 11 28 13 15 27 7 18 18 12 29 2 21 13 7 25 20 11 20 
76 22 25 22 21 17 11 13 15 16 17 17 16 15 17 15 18 25 18 27 16 19 16 14 13 16 17 16 16 19
77 10 16 22 9 11 6 10 15 10 13 12 20 9 6 14 14 16 16 17 10 11 15 12 14 16 13 27 10 19
82 8 6 12 10 11 8  9 10 0 11 6 12 5 2 17 2 6 27 8 1 18 15 6 24 18 1 19 11 17
84 3 3 3 4 7 5 2 10 5 10 2 4 6 5 5 7 9 8 6 5 10 6 4 14 8 19 4 10 6
87 11 6 7 8 8 8 6 8 6 4 3 14 5 6 12 9 11 7 17 7 13 11 9 11 17 8 7 12 15 
88 17 26 23 24 27 14 24 24 17 21 21 11 23 23 18 21 24 16 24 28 12 31 21 14 25 24 12 26 19
89 3 5 5 5 3 5 7 5 1 7 5 6 8 0 2 6 7 8 14 5 10 11 11 10 6 9 18 15 9
104 25 33 20 24 31 20 13 27 24 20 34 11 19 15 17 30 18 31 13 32 19 27 25 32 25 21 22 20 19
105 19 14 19 21 17 16 18 24 24 22 18 23 28 25 29 24 10 24 18 17 20 17 23 20 21 19 24 26 23
107 6 6 7 11 2 12 10 7 4 18 1 8 7 0 10 15 7 7 5 12 16 4 11 19 3 4 20 4 12 
109 8 5 8 9 10 1 9 8 8 5 7 11 7 5 13 3 7 5 17 5 6 14 2 8 12 15 4 12 19 
121 7 8 10 6 9 6 12 8 12 6 7 6 4 5 9 4 6 12 8 8 12 10 7 12 14 6 16 10 7 
122 0 0 1 5 0 6 0 12 0 9 18 7 9 0 31 0 20 10 23 1 20 20 3 12 15 15 7 19 5 
125 9 6 7 8 10 10 11 5 6 3 15 2 4 4 4 5 10 14 4 10 16 8 13 9 7 7 17 4 6 
129 31 44 18 27 32 23 19 28 21 19 29 15 20 16 38 29 30 35 32 22 30 23 24 17 26 15 16 14 24
136 3 2 2 2 4 3 3 9 5 4 4 6 8 5 3 7 6 4 5 4 4 6 4 9 13 4 13 14 11 
138 5 2 7 5 7 2 7 4 18 10 10 1 6 4 1 4 8 5 7 6 6 3 6 7 15 12 12 4 8 
139 14 14 12 15 11 15 9 9 17 8 16 9 9 13 8 13 16 11 11 15 12 13 11 10 12 13 12 5 4 
150 24 26 23 18 25 17 26 26 21 20 23 13 19 23 11 23 20 18 16 29 17 29 24 19 20 26 13 22 25
153 11 13 9 10 8 12 7 10 10 13 21 5 8 9 7 5 8 15 4 15 8 6 10 6 10 11 18 11 11
156 6 4 5 7 3 6 9 1 13 0 7 1 7 2 7 0 13 6 6 14 7 13 10 8 13 5 12 6 9
158 23 14 19 21 19 12 28 12 23 16 25 6 18 17 24 20 19 14 26 15 13 33 5 29 18 18 16 18 20
163 2 3 1 2 2 5 2 2 1 1 2 1 1 0 3 2 3 0 3 2 3 0 5 2 1 1 1 3 0
167 16 8 12 17 4 11 8 5 12 7 4 5 5 5 5 4 7 9 11 11 8 9 5 9 11 11 7 7 5 
170 13 21 7 8 16 18 9 0 29 9 17 8 23 6 8 14 18 37 7 23 17 14 22 16 26 20 20 11 33
181 6 4 7 3 6 6 8 4 5 7 4 6 6 3 9 8 9 7 6 6 12 12 5 15 12 9 5 7 13
196 4 5 3 4 4 6 2 5 4 6 2 6 4 3 3 3 3 5 7 5 4 7 1 4 7 11 2 6 7
216 15 17 17 16 15 24 14 20 14 13 10 8 11 15 17 14 19 15 16 18 24 8 26 14 14 15 9 14 12 
223 4 9 12 2 10 5 3 6 11 5 18 4 4 19 2 17 3 12 18 6 7 12 3 13 8 12 12 9 6
235 16 13 18 13 13 16 8 16 15 9 12 19 5 15 12 11 16 15 13 16 17 8 18 14 5 11 25 2 17
237 14 11 14 10 9 9 6 9 14 12 10 9 11 11 13 15 8 17 7 14 8 9 11 12 8 12 11 13 7
238 13 14 10 13 11 11 18 14 12 16 10 13 16 11 16 13 11 12 12 13 10 20 9 12 17 10 14 18 9
263 3 2 3 2 3 3 3 3 2 4 1 2 1 4 2 2 3 5 2 4 3 3 3 4 3 3 7 2 4
274 5 8 11 4 8 5 7 3 6 4 3 3 5 1 4 2 4 6 8 4 8 5 7 4 7 4 4 4 5 
276 5 5 5 8 6 4 5 3 8 2 4 7 6 1 5 7 2 7 8 7 9 4 5 6 6 10 7 2 7 
278 3 2 4 1 1 2 3 3 4 2 2 1 3 1 3 2 2 2 4 2 4 2 3 3 3 2 2 4 1 
290 4 6 5 2 3 6 6 3 2 5 8 5 9 1 5 9 2 10 10 1 8 10 1 7 4 6 7 4 7 
296 11 8 19 7 3 13 24 12 14 13 7 5 22 25 0 15 8 19 7 3 13 24 12 14 13 7 5 22 25
307 2 4 5 2 4 4 4 5 4 7 4 4 4 1 5 4 2 5 5 3 4 5 4 4 7 7 8 5 5
330 2 2 2 2 3 3 0 2 4 3 0 1 1 2 3 3 2 2 5 4 2 4 2 7 6 2 5 5 3 
333 5 6 3 5 7 2 1 4 3 5 2 6 11 5 1 2 3 8 8 8 7 4 2 4 4 7 3 7 2 
338 13 18 8 9 8 7 7 9 10 14 14 11 8 9 12 12 10 16 9 9 10 8 7 10 9 12 12 10 8 
341 4 5 4 4 3 3 2 3 3 2 3 4 2 1 3 2 5 5 4 4 3 4 3 3 4 3 5 5 2
343 7 9 4 5 9 9 6 10 4 9 6 8 7 6 5 11 7 7 8 6 6 11 6 7 7 7 9 7 4
361 4 8 5 4 2 5 3 2 6 5 2 3 4 3 3 4 4 7 4 5 3 7 3 3 7 6 3 6 3
372 4 4 2 1 2 1 1 1 4 4 1 1 1 1 2 0 2 3 2 2 2 1 1 1 3 3 2 1 2 
378 10 6 5 5 9 8 4 5 6 4 3 3 3 2 1 4 8 6 6 5 8 8 5 6 5 6 4 4 3 
384 3 3 2 7 4 3 3 3 3 2 5 1 1 2 2 1 3 5 2 4 3 5 3 3 6 6 2 6 2
415 2 4 4 5 7 3 6 2 4 3 2 2 2 2 6 3 4 2 4 5 1 8 2 6 1 3 2 3 2
430 3 7 2 4 4 5 7 2 5 4 7 4 4 6 3 5 2 8 3 3 4 5 4 5 3 7 2 6 6 
431 11 1 6 7 6 7 7 3 12 7 8 4 8 4 3 9 3 5 7 5 9 3 6 7 9 5 7 9 2
442 6 8 10 8 8 10 10 5 12 9 5 9 5 7 10 2 6 7 10 8 6 9 10 6 11 9 5 8 5 
455 1 2 2 0 2 2 1 2 2 0 3 1 3 1 3 0 1 3 3 1 2 2 2 2 8 1 4 3 3
475 0 4 4 3 2 2 1 0 2 3 3 2 1 0 1 0 0 3 4 3 2 2 1 1 2 2 3 2 2 
486 9 9 3 11 5 7 8 10 8 14 3 10 9 9 6 12 4 10 8 7 10 9 9 12 6 11 10 8 7
499 2 2 4 5 3 6 1 4 3 3 4 2 3 2 1 5 3 9 3 2 3 2 2 4 5 5 2 7 2
506 4 3 4 4 3 4 2 6 2 4 3 3 1 5 6 1 5 2 5 2 3 3 2 4 4 1 6 2 4 
511 1 3 2 8 2 4 2 1 6 3 2 5 5 2 1 1 2 8 3 3 2 1 5 1 2 7 2 2 5 
515 2 3 2 2 1 3 0 5 4 2 0 0 1 1 2 2 1 2 2 1 1 3 0 4 3 5 7 1 1 
538 3 4 3 3 6 2 2 6 1 4 3 1 5 2 2 5 2 7 2 2 8 2 4 3 3 3 6 1 2 
596 2 2 3 1 2 2 3 3 2 3 2 2 0 1 1 2 2 2 3 1 2 2 3 3 2 3 2 2 0 
610 2 2 2 2 1 1 1 1 1 1 0 0 0 0 0 1 4 1 5 2 3 1 2 3 3 4 1 3 5 
650 4 5 6 4 6 3 6 4 8 3 5 7 3 5 3 2 5 7 3 6 4 6 4 8 1 6 8 1 6
661 4 1 5 6 2 6 5 4 6 4 8 5 4 3 5 5 3 1 4 5 2 6 3 5 6 2 8 4 4 
669 4 0 2 2 5 1 2 3 0 1 5 0 4 1 2 2 2 1 4 3 2 1 5 2 3 4 3 4 1 
672 3 3 2 1 1 0 1 3 1 0 1 0 1 0 1 1 2 3 2 2 1 1 2 1 4 0 3 0 2 
716 1 2 1 0 1 2 1 1 1 1 1 1 0 1 4 0 1 2 4 0 2 1 0 2 3 1 1 4 1 
720 2 2 2 2 1 2 2 1 4 0 3 4 1 2 2 4 4 0 4 1 1 2 2 2 5 2 3 5 5 
801 1 2 3 4 2 0 4 1 3 2 2 3 2 0 3 1 2 3 5 5 0 0 4 5 3 0 4 3 2
829 3 2 0 2 2 1 2 2 1 3 0 4 2 0 0 2 0 5 2 0 3 0 3 2 3 1 3 1 2 
848 3 3 5 6 2 3 4 6 5 3 3 1 1 2 1 2 3 3 4 5 3 3 4 5 5 3 3 1 1 
865 3 4 3 4 4 1 2 1 3 2 1 2 1 0 3 1 3 3 3 3 3 2 3 2 3 2 2 2 2 
922 4 4 6 5 4 3 5 2 5 5 3 3 1 4 4 5 2 6 4 5 4 5 1 7 3 3 5 1 4
949 0 2 1 2 3 0 0 1 2 0 2 3 0 0 1 0 2 2 2 1 1 1 2 1 4 0 4 0 4 
962 1 0 1 0 2 0 0 1 0 2 0 2 0 1 2 4 0 0 5 0 3 0 1 4 1 3 1 3 1 
964 4 3 2 2 1 1 1 3 4 2 2 3 2 1 4 4 3 3 2 1 0 0 0 2 3 2 2 2 1